 -0.137944E+04
  0.924950E+03
  0.122881E-01
  0.000000E+00
 -0.162332E+02
  0.136246E+04
 -0.536640E+02
 -0.340135E+03
  0.140936E+02
  0.398749E+03
 -0.336371E+00
  0.000000E+00
 -0.122881E-01
 -0.613367E-03
 -0.780562E-04
 -0.924241E+03
 -0.709058E+00
  0.000000E+00
 -0.256845E-10
  0.224260E+02
 -0.571219E+03
  0.000000E+00
  0.000000E+00
 -0.649055E+01
 -0.296815E+02
 -0.544423E+02
 -0.438708E+03
  0.649055E+01
  0.495130E+03
 -0.990389E+00
  0.000000E+00
  0.000000E+00
  0.000000E+00
 -0.780562E-04
  0.571219E+03
  0.000000E+00
  0.000000E+00
  0.000000E+00
 -0.141488E-02
  0.778125E+00
 -0.621242E+05
  0.569836E+03
 -0.652312E+01
  0.503716E+03
  0.207706E+01
  0.493429E+05
 -0.431333E+05
  0.121525E+05
 -0.990389E+00
  0.431399E+05
  0.588687E+02
 -0.204672E+01
  0.605485E+04
 -0.182081E+05
 -0.716126E+03
  0.000000E+00
  0.123008E+05
  0.308558E-04
  0.778125E+00
  0.382713E+00
 -0.240477E+02
 -0.648872E+01
 -0.310771E+02
  0.130145E+00
  0.255133E+02
  0.648873E+01
  0.944401E-03
 -0.990389E+00
  0.000000E+00
  0.000000E+00
  0.000000E+00
  0.529752E-02
 -0.778125E+00
  0.282847E+00
  0.000000E+00
  0.237095E+02
 -0.121306E-02
  0.777644E+00
  0.396904E-01
  0.000000E+00
 -0.122422E+03
 -0.119374E+03
  0.223903E+02
  0.231105E+02
  0.100034E+03
  0.900328E-03
 -0.994254E+00
  0.144620E-04
  0.112064E+01
 -0.335581E-01
 -0.250561E+01
 -0.912750E+00
 -0.109252E+01
  0.100834E+00
  0.250553E+01
  0.120290E+07
 -0.870927E+05
  0.168992E+07
 -0.129281E+05
 -0.111667E+08
 -0.158567E+08
  0.237950E+07
  0.581752E+07
  0.776461E+07
  0.155378E+06
 -0.300798E+05
 -0.147361E+07
 -0.217745E+06
  0.335028E+04
  0.605769E+03
  0.111061E+05
  0.743829E+05
  0.000000E+00
  0.121688E+05
 -0.792837E+06
 -0.194284E+07
  0.660241E+05
 -0.299111E+02
  0.407949E+06
  0.986969E+06
 -0.347583E+07
  0.330947E+07
 -0.308525E+06
 -0.104136E+06
 -0.232527E+05
 -0.628694E+05
  0.201443E+06
  0.456817E-03
 -0.125284E+01
  0.176485E+07
 -0.298155E+04
 -0.235500E+05
 -0.505043E+01
 -0.391870E+07
 -0.117509E+08
  0.155356E+06
  0.973939E-07
  0.247886E+06
  0.392028E+07
  0.210666E+04
 -0.161576E+08
 -0.199068E+06
  0.161473E+08
 -0.433545E+05
 -0.407601E+04
 -0.149937E+06
  0.228416E+03
 -0.632126E+00
  0.117193E+08
  0.300384E+05
  0.108321E-03
  0.626382E+00
  0.165220E+04
  0.124311E+05
 -0.181435E+05
  0.000000E+00
  0.569229E+05
 -0.139401E+05
 -0.901675E+02
  0.382404E+05
 -0.125032E+06
  0.506486E+04
  0.374299E+05
  0.181435E+05
 -0.588735E+01
  0.000000E+00
  0.860911E+00
 -0.124311E+05
  0.000000E+00
  0.588735E+01
 -0.860989E+00
  0.237926E+01
  0.122508E+03
  0.880879E-01
  0.000000E+00
 -0.103820E+03
 -0.106867E+03
 -0.174967E+01
  0.139518E+03
  0.103736E+03
 -0.125908E+03
 -0.585855E+01
  0.225547E-01
 -0.110643E+00
 -0.284208E-06
 -0.780562E-04
 -0.122506E+03
 -0.198098E-02
  0.000000E+00
 -0.877539E-13
  0.109607E+03
  0.778125E+00
  0.000000E+00
  0.000000E+00
 -0.122409E+02
 -0.449227E+03
 -0.255660E+03
  0.308064E+05
  0.110265E+04
  0.105175E+04
 -0.168916E+05
  0.000000E+00
  0.000000E+00
  0.000000E+00
 -0.780562E-04
 -0.778125E+00
  0.000000E+00
  0.000000E+00
  0.000000E+00
  0.308558E-04
  0.778125E+00
  0.304358E+05
  0.000000E+00
  0.932279E+03
 -0.294128E+05
 -0.938769E+03
  0.293160E+05
  0.979881E+02
  0.944401E-03
 -0.990389E+00
 -0.304358E+05
  0.000000E+00
  0.000000E+00
 -0.780562E-04
 -0.778125E+00
  0.000000E+00
  0.000000E+00
  0.000000E+00
  0.852529E+04
  0.778125E+00
  0.158001E+05
  0.000000E+00
  0.196914E+02
 -0.795503E+04
 -0.286868E+01
 -0.657111E+04
 -0.167533E+02
  0.663514E+04
 -0.990389E+00
  0.000000E+00
 -0.158884E+05
  0.000000E+00
 -0.780562E-04
 -0.707212E+00
  0.649833E+02
  0.232420E+02
  0.000000E+00
 -0.146160E+05
  0.778125E+00
  0.714573E+07
  0.000000E+00
 -0.732660E+07
  0.137227E+07
  0.751445E+07
 -0.697410E+04
  0.648873E+01
 -0.276764E+02
 -0.990389E+00
  0.000000E+00
  0.000000E+00
 -0.821143E+07
 -0.780562E-04
 -0.675331E+06
  0.146437E+05
  0.000000E+00
  0.863192E+06
  0.163838E+05
  0.778125E+00
  0.833563E+02
  0.122599E+05
 -0.331914E+10
  0.642210E+08
 -0.122599E+05
 -0.929685E+04
  0.331914E+10
  0.921547E+04
 -0.990389E+00
  0.000000E+00
  0.000000E+00
  0.000000E+00
 -0.338340E+10
  0.825782E+02
  0.000000E+00
  0.000000E+00
  0.338339E+10
 -0.172223E+06
  0.297032E+06
 -0.131672E+05
  0.000000E+00
  0.211352E+05
  0.165942E+06
 -0.212408E+04
  0.971298E+05
 -0.213676E+05
 -0.840102E+05
 -0.990389E+00
  0.000000E+00
  0.240610E+04
 -0.532094E+01
  0.437877E+04
 -0.314737E+06
  0.189434E+04
  0.232408E+03
  0.879379E+04
 -0.219848E+05
  0.778125E+00
 -0.137854E+06
  0.118669E+06
 -0.541188E+06
  0.159297E+06
  0.529903E+06
  0.222598E+05
  0.648873E+01
  0.834719E+03
 -0.990389E+00
  0.000000E+00
  0.548554E+06
  0.176562E+05
 -0.780562E-04
  0.388055E+05
 -0.765429E+06
  0.000000E+00
  0.304649E+05
  0.308558E-04
  0.778125E+00
  0.000000E+00
  0.000000E+00
  0.105572E+04
 -0.725557E+01
 -0.372862E+04
  0.193387E+04
  0.741010E+03
  0.944401E-03
 -0.990389E+00
  0.000000E+00
  0.266641E+04
  0.000000E+00
 -0.780562E-04
  0.179595E+04
  0.000000E+00
 -0.446314E+04
  0.000000E+00
  0.308558E-04
  0.778125E+00
  0.419836E-10
  0.799698E-05
 -0.648854E+01
 -0.725685E+01
 -0.147533E-02
  0.197992E+01
  0.648854E+01
  0.944401E-03
 -0.990389E+00
  0.000000E+00
  0.000000E+00
  0.419831E-10
  0.138474E-02
 -0.778125E+00
  0.715360E-15
  0.000000E+00
 -0.147079E-02
